NO.   date        time        lon    lat   strike dip rake strike dip rake  dep Mw	
1	19761106	18:04:08	101.05	27.60	 19	66	-6  	111	84 	-156	33	5.8
2	19780831	03:26:50	101.15	27.64	  5	58	-26 	109	68 	-145	35	5.1
3	19800202	12:29:16	101.36	27.81	213	74	-6  	304	84 	-164	33	5.3
4	19810123	21:13:51	101.10	30.93	319	73	-4  	51 	86 	-163	33	5.7
5	19820703	08:13:35	100.37	26.57	347	26	-90 	166	64 	-90 	33	5.1
6	19850418	05:52:52	102.87	25.90	100	57	-170	 5 	82 	-33 	 5	5.7
7	19860313	08:41:22	100.17	26.17	330	25	-104	165	66 	-84 	39	5.4
8	19860806	19:55:15	100.91	29.36	 40	41	-162	296	78 	-50 	33	5.5
9	19890118	18:22:47	100.04	30.20	120	50	-20 	223	75 	-138	33	5.0
10	19941229	18:58:30	103.85	29.09	 38	55	147 	149	63 	40  	33	5.3
11	19951023	22:46:50	102.27	26.00	 13	75	-9  	105	81 	-165	0	5.5
12	19960203	11:14:19	100.34	27.30	  0	36	-68 	153	57 	-105	10	6.3
13	19960204	16:58:05	100.38	27.05	358	33	-86 	173	57 	-93 	10	5.5
14	19960206	07:36:13	100.42	27.25	132	57	-141	 18	58	 -40	10	5.3
15	19960924	19:24:49	100.37	27.22	321	41	-98 	151	50 	-83 	33	5.3
16	19971023	12:28:33	100.39	27.00	153	20	-110	353	72 	-83 	33	5.1
17	19981002	12:49:35	101.02	27.27	332	16	-89 	151	74 	-90 	48	5.2
18	19981119	11:38:14	101.03	27.31	 31	79	-9  	123	81 	-169	33	5.2
19	20000114	22:09:04	101.16	25.59	 25	77	-2  	116	88 	-167	33	5.0
20	20000114	23:37:07	101.06	25.61	 27	78	-6  	118	84 	-168	33	5.4
21	20010223	00:09:23	101.13	29.51	 92	34	-73 	252	57 	-101	33	5.7
22	20010523	21:10:44	101.00	27.69	  8	87	-2  	 98	88 	-177	33	5.1
23	20011027	05:35:39	100.65	26.32	 35	69	1   	305	89 	159 	10	5.3
24	20030721	15:16:31	101.29	25.98	200	80	-6  	291	84 	-170	10	5.4
25	20030916	08:00:43	101.01	29.48	 61	23	-119	272	70 	-79 	53	4.9
26	20031016	12:28:09	101.25	25.95	 18	88	-1  	108	89 	-178	33	5.2
27	20031114	18:49:46	103.97	27.37	250	36	-170	152	84 	-55 	33	5.0
28	20040810	10:26:14	103.87	27.27	156	85	1   	 66	89 	175	6	5.1
29	20050805	14:14:48	103.04	26.57	252	73	-178	161	88 	-17 	42	5.2
30	20060722	01:10:29	104.14	28.00	347	59	27  	242	67 	146 	55	5.0
31	20060825	05:51:44	104.15	28.01	355	50	45  	232	57 	130 	21	5.2
32	20080226	17:50:03	101.77	30.08	340	78	-7  	 71	83 	-168	24	4.9
33	20080512	06:28:01	103.32	31.00	231	35	138 	357	68 	63  	19	6.9
34	20080512	11:11:02	103.62	31.21	204	71	-169	110	80 	-19 	10	5.7
35	20080512	20:08:50	103.89	31.41	227	41	132 	357	61 	60  	21	5.7
36	20080512	23:46:19	103.53	31.28	116	59	-7  	210	84 	-149	10	5.3
37	20080512	23:54:46	103.53	31.30	 63	37	-99 	254	54 	-83 	10	5.2
38	20080513	07:07:08	103.19	30.89	213	42	109	  7	51	73  	 9	5.8
39	20080514	02:54:40	103.52	31.33	215	80	-177	124	87	-10 	18	5.3
40	20080514	09:26:44	104.01	31.36	29 	42	108 	185	51	74  	10	5.1
41	20080516	03:34:27	104.00	31.38	225	26	101 	 32	64	85  	10	5.1
42	20080516	05:25:47	103.35	31.35	235	71	-170	142	81	-19 	 3	5.5
43	20080516	16:14:43	103.61	31.10	258	64	13  	162	78	153 	10	4.9
44	20080516	20:16:52	103.67	31.29	360	69	174 	 92	84	21  	10	5.0
45	20080522	07:18:44	103.80	31.08	86 	32	-65 	237	61	-105	10	4.6
46	20080830	08:30:54	101.94	26.27	100	86	180 	190	90	4   	17	5.7
47	20080831	08:31:10	101.97	26.23	11 	77	-7  	102	84	-167	10	5.5
48	20090114	18:23:37	103.32	31.18	98 	42	-67 	248	52	-110	10	5.0
48	20090629	18:03:50	104.01	31.43	212	29	54  	 71	67	108 	10	5.3
50	20090630	07:22:21	104.09	31.50	206	41	83  	 34	49	96  	10	5.0
51	20090709	11:19:16	101.10	25.63	204	84	-3  	294	87	-174	 7	5.5
52	20090710	09:02:03	101.03	25.67	21 	83	4   	291	86	173 	10	5.0
53	20090712	16:01:20	101.04	25.66	231	43	17  	129	79	132 	10	4.9
54	20091101	21:07:20	100.82	25.96	286	84	180 	 16	90	6   	24	5.0
55	20091127	16:04:04	103.86	31.23	43 	44	80  	236	47	99  	10	5.2
56	20100225	04:56:55	101.93	25.56	14 	76	-9  	106	81	-166	36	5.0
57	20100427	20:22:27	101.42	30.43	236	79	176 	327	86	11  	10	4.8
58	20100525	06:11:56	103.57	31.14	14 	44	59  	233	53	116 	35	5.2
59	20110410	09:02:47	100.76	31.37	313	75	-7  	 45	83	-165	42	5.1
60	20120624	07:59:34	100.78	27.77	313	46	-126	179	55	-59 	10	5.5
61	20120907	03:19:42	103.99	27.58	350	51	35  	236	63	136 	10	5.6
62	20120907	04:16:30	104.01	27.57	234	58	155 	338	69	34  	10	5.5
63	20130219	02:47:01	103.08	27.24	99 	76	178 	189	88	14  	10	4.9
64	20130420	00:02:47	102.89	30.31	212	42	100 	 19	49	81  	14	6.5
65	20130420	03:34:15	102.95	30.19	215	45	100 	 21	46	80  	10	5.1
66	20130420	20:53:43	103.06	30.34	177	42	74  	 17	50	103 	10	5.1
67	20130421	03:59:37	103.01	30.23	234	48	119 	 15	49	62  	10	5.0
68	20130421	09:05:23	103.00	30.32	35 	45	86  	221	45	94  	15	5.2
69	20130424	22:10:30	104.96	28.38	328	28	55  	186	68	107 	10	5.3
70	20131014	03:18:60	102.87	28.09	264	75	172 	356	82	15  	15	4.6
71	20131128	08:23:53	100.57	25.50	160	41	-71 	315	52	-106	10	4.9
72	20140404	22:40:35	103.62	28.17	360	45	45  	235	60	125 	24	5.4
73	20140507	14:11:45	102.07	25.55	356	72	-15 	 91	76	-162	28	4.9
74	20140803	08:30:13	103.41	27.19	71 	81	-175	340	86	-9  	12	6.2
75	20140816	22:07:59	103.55	28.12	317	78	5   	226	86	168 	10	5.0
76	20141001	01:23:29	102.79	28.40	254	66	169 	349	80	25  	 9	5.1 
77	20141122	08:55:26	101.74	30.34	143	85	-1  	233	89	-175	 9	5.9 
78	20141125	15:19:08	101.76	30.19	238	89	179	328 	89	  1 	 9	5.6
79	20150114	05:21:38	103.20	29.35	158	44	89 	340 	46	 91 	10	5.3
80	20150206	21:01:07	104.89	28.35	18 	40	79 	212 	51	 99 	10	5.0
81	20151028	20:12:09	100.30	27.55	203	45	103	  6 	46	 78 	10	4.7
82	20170127	18:46:36	104.83	28.18	352	41	47 	223 	61	121 	32	5.3
83	20170208	11:11:42	103.43	27.30	341	79	8  	250 	82	169 	10	4.9
84	20170312	12:21:23	103.57	27.20	337	74	-7 	 69 	83	-164	37	4.8
85	20170504	05:40:22	104.91	28.16	88 	75	179	178 	89	 15 	10	4.9

