NO.  date        time         lon    lat strike dip rake  strike dip rake depth Mw
001	20090106	13:10:02	100.28	27.07	153	38	-110	357	54	-75	8	3.7
002	20090115	02:23:36	103.21	31.26	98	49	-69	247	45	-112	8	4.6
003	20090117	20:41:49	104.22	26.90	182	82	169	273	79	8	17	4.2
004	20090118	16:19:18	102.15	28.85	70	83	-165	338	75	-7	14	4.0
005	20090208	05:21:05	103.30	30.90	11	50	67	224	45	114	10	4.2
006	20090208	23:17:09	104.00	31.35	113	62	-42	225	53	-144	14	4.0
007	20090228	11:59:31	104.12	26.85	181	73	173	273	83	17	14	4.2
008	20090312	20:11:53	104.97	28.68	181	32	89	2	58	90	12	3.5
009	20090322	20:48:51	104.15	26.90	169	90	-26	259	64	-180	24	4.7
010	20090630	13:40:23	103.98	31.48	87	82	132	185	42	11	12	4.2
011	20090709	19:19:14	101.02	25.57	27	81	11	295	79	170	7	6.3
012	20090709	21:14:23	101.05	25.57	187	74	9	94	81	163	8	4.4
013	20090710	08:36:30	101.00	25.57	300	79	173	31	83	11	8	4.0
014	20090710	17:02:01	101.02	25.57	291	80	175	21	85	10	7	5.5
015	20090710	20:57:29	101.00	25.58	32	90	8	302	82	-180	7	4.9
016	20090713	01:04:28	101.05	25.55	93	81	165	185	75	9	10	4.1
017	20090717	22:35:40	103.90	31.38	195	40	75	34	51	102	18	4.4
018	20090811	16:43:38	103.75	29.09	148	46	90	328	44	90	12	3.6
019	20090910	17:43:01	103.90	27.68	72	80	162	165	72	10	4	4.1
020	20090915	03:31:05	103.04	26.14	179	66	-31	282	61	-152	8	3.9
021	20090930	13:59:12	100.18	25.97	129	74	-161	33	71	-16	6	4.2
022	20091014	20:24:14	101.00	25.58	304	81	172	35	82	9	10	4.5
023	20091023	12:44:46	100.98	25.60	191	90	-7	281	83	180	7	4.1
024	20091102	05:07:15	100.69	25.95	102	74	172	194	82	16	10	4.8
025	20091128	00:04:04	103.80	31.23	232	44	88	54	46	91	6	4.9
026	20091211	03:23:11	100.85	27.00	301	90	-180	31	90	0	14	4.5
027	20100216	04:34:01	104.58	30.82	310	83	152	43	62	7	6	3.1
028	20100221	16:23:17	102.29	25.57	360	82	8	268	82	171	9	3.7
029	20100425	10:31:18	103.81	27.91	347	71	-26	86	65	-159	14	3.5
030	20100428	04:22:27	101.45	30.60	331	74	12	237	78	163	9	4.6
031	20100711	13:24:34	104.54	30.57	149	71	-161	52	72	-20	10	3.3
032	20100715	05:41:02	103.98	29.29	301	21	29	183	79	108	10	3.7
033	20100715	06:53:17	103.96	29.27	9	27	99	178	63	85	8	3.7
034	20100716	06:13:18	104.88	28.41	190	81	-43	288	47	-167	12	3.4
035	20100829	08:53:25	102.95	27.14	10	77	-5	101	85	-166	6	4.7
036	20101015	05:01:55	104.98	28.68	22	60	88	206	30	93	8	3.4
037	20101025	10:55:48	103.32	30.86	354	31	67	200	61	103	6	3.9	
038	20101203	22:30:53	102.99	27.12	182	71	-9	274	81	-160	6	4.2
039	20110115	14:32:46	100.90	27.65	348	62	23	246	69	149	8	4.2
040	20110120	11:37:51	102.37	29.00	151	42	-31	265	69	-127	28	3.5
041	20110131	20:40:43	101.94	27.09	211	70	-18	307	73	-159	8	3.7
042	20110301	15:13:48	104.95	28.22	161	58	37	49	59	141	14	3.5
043	20110410	17:02:42	100.80	31.28	45	84	-160	312	70	-6	10	5.1
044	20110415	15:44:43	102.94	26.66	278	59	-156	175	69	-33	10	4.4
045	20110420	01:20:51	104.88	28.24	29	51	112	176	43	65	12	3.7
046	20110430	08:50:23	104.91	28.36	60	67	-28	161	64	-154	12	3.3
047	20110506	18:48:11	103.59	31.26	0	49	102	162	42	76	8	4.2
048	20110507	05:58:21	102.94	26.64	270	57	-151	163	66	-36	8	3.8
049	20110507	07:20:56	102.97	26.66	162	69	-27	262	64	-156	7	3.7
050	20110602	05:16:31	104.92	28.34	59	72	-26	157	65	-160	12	3.5
051	20110624	21:34:18	101.09	29.29	73	65	-125	311	42	-39	7	4.3
052	20110626	22:00:42	104.92	28.36	159	61	26	55	67	148	12	3.7
053	20110725	23:33:35	103.14	30.00	28	30	-79	195	60	-96	10	3.2
054	20110729	05:59:46	100.88	27.76	292	30	-121	146	64	-73	8	4.2
055	20110802	18:31:34	102.70	27.06	254	60	-152	149	66	-33	6	3.7
056	20110904	12:13:45	103.62	31.27	219	75	168	312	78	15	12	4.2
057	20111016	11:54:43	100.73	26.58	210	64	-5	302	85	-153	10	4.1
058	20111027	09:00:19	103.22	29.64	181	36	109	337	56	76	18	3.5
059	20111206	04:37:46	103.20	27.38	270	74	17	175	73	163	4	3.8
060	20111212	17:56:15	101.09	28.12	278	90	158	8	68	0	8	4.0
061	20111226	00:46:51	103.79	31.37	252	77	154	348	64	14	12	4.5
062	20120305	01:11:45	101.80	30.10	71	63	-150	326	63	-30	9	4.3
063	20120409	22:45:44	104.93	28.39	272	57	77	114	35	109	12	3.6
064	20120418	10:19:05	102.77	27.02	153	81	-20	246	70	-170	8	2.4
065	20120612	21:40:38	104.28	28.10	0	81	160	93	70	9	12	4.2
066	20120626	14:21:15	100.68	27.80	190	66	-33	294	60	-152	4	4.1
067	20120630	06:22:26	101.18	28.13	101	75	-163	6	73	-15	4	4.1
068	20120701	17:53:44	102.42	30.00	147	85	9	56	81	174	16	3.5
069	20120714	03:18:49	103.06	29.35	128	34	78	322	56	97	14	3.3
070	20120718	04:18:42	102.25	29.01	190	79	-6	281	84	-168	10	4.0
071	20120724	23:50:07	102.39	29.08	21	56	149	129	64	38	34	3.6
072	20120728	13:09:12	104.84	28.41	310	68	97	111	23	73	12	3.6
073	20120822	19:04:18	100.10	27.62	298	39	-90	118	51	-90	10	3.9
074	20120825	16:52:49	104.83	28.39	120	32	-112	325	60	-76	12	3.5
075	20120907	11:58:03	104.10	27.55	240	52	147	351	64	42	12	4.1
076	20120907	12:06:01	103.98	27.51	354	68	49	240	45	148	5	3.9
077	20120907	13:12:45	104.01	27.54	280	85	169	10	79	5	12	4.2
078	20120908	19:47:27	104.00	27.57	249	70	18	152	73	159	16	3.8
079	20120913	05:15:02	103.99	27.56	90	59	176	182	86	31	7	3.9
080	20120918	17:37:48	103.98	27.50	148	80	16	55	74	169	7	4.0
081	20121017	08:19:43	101.69	30.22	53	90	168	143	78	0	24	3.7
082	20121019	10:44:15	102.86	30.14	46	81	-38	142	52	-168	14	3.9
083	20121114	19:42:53	102.52	26.48	287	84	-167	195	77	-6	13	4.6
084	20121115	20:52:18	100.31	27.33	321	47	-81	127	43	-99	14	3.7
085	20121209	23:23:19	103.98	27.49	221	49	108	14	44	70	5	3.7
086	20121213	02:58:23	102.75	27.04	126	49	-68	274	45	-113	4	4.6
087	20130207	22:57:19	104.13	28.05	351	62	15	253	76	151	14	4.0
088	20130218	16:14:19	101.97	29.94	52	67	-165	316	76	-23	30	3.8
089	20130219	10:47:02	103.10	27.10	8	75	12	274	78	164	12	4.6
090	20130219	15:55:33	104.95	28.35	83	56	138	199	56	42	10	4.2
091	20130219	16:25:40	104.82	28.30	189	42	52	55	58	119	8	3.6
092	20130222	05:43:39	100.80	26.73	209	73	7	116	83	162	14	4.7
093	20130309	20:23:56	103.50	31.40	319	48	-13	57	80	-137	12	4.1
094	20130420	09:11:53	102.83	30.25	71	43	180	161	90	47	16	4.8
095	20130420	09:20:10	102.99	30.17	17	48	75	218	44	106	10	4.6
096	20130420	09:37:29	102.99	30.28	210	31	128	347	66	69	12	4.8
097	20130420	09:39:34	102.86	30.13	216	47	99	22	43	80	8	4.6
098	20130420	10:19:05	102.92	30.33	11	37	46	241	64	117	22	4.2
099	20130420	11:40:22	102.86	30.14	140	31	9	42	85	120	26	3.9
100	20130421	18:48:24	103.00	30.30	270	23	171	8	86	67	14	3.9
101	20130425	06:10:30	104.95	28.40	190	71	41	84	51	155	5	4.3
102	20130425	06:12:51	104.95	28.45	178	63	143	286	57	32	10	4.2
103	20130426	02:21:02	103.08	27.38	162	83	-15	253	75	-172	9	3.8
104	20130507	03:45:01	104.87	28.35	140	49	18	37	76	137	12	3.5
105	20130512	10:52:29	103.46	27.80	141	76	-11	233	79	-165	9	3.8
106	20130517	22:37:45	100.10	29.10	68	59	-155	324	68	-33	8	4.4
107	20130717	02:01:34	104.89	28.34	360	52	120	136	46	57	12	3.3
108	20130823	14:23:43	104.85	28.32	220	47	76	60	44	104	10	3.8
109	20130825	11:40:47	101.93	29.92	81	61	-149	334	63	-32	30	3.8
110	20130831	19:16:37	102.84	27.88	80	77	169	172	79	13	7	3.6
111	20131014	11:18:58	102.79	27.98	172	75	-7	263	83	-164	8	4.7
112	20131015	22:46:15	102.78	27.96	102	82	161	194	71	8	7	3.8
113	20131116	23:36:38	103.00	26.30	7	83	11	275	79	172	10	4.5
114	20131122	03:41:25	101.40	27.91	267	90	-180	357	90	0	10	4.1
115	20131122	07:51:34	101.43	27.93	269	90	-180	359	90	0	10	3.7
116	20131208	23:01:00	101.42	27.92	0	90	2	270	88	180	10	4.0
117	20131229	08:29:10	101.98	29.86	332	80	-6	63	84	-169	30	4.0
118	20140104	02:11:43	101.37	27.93	134	90	-171	44	81	0	10	4.1
119	20140115	03:17:43	101.18	26.88	100	39	101	265	51	81	11	4.8
120	20140121	22:08:21	100.60	25.83	128	20	-98	316	70	-87	5	4.0
121	20140202	15:55:26	101.36	27.91	329	82	-167	237	77	-8	2	4.2
122	20140402	04:51:38	101.39	27.91	123	85	158	215	68	5	10	3.8
123	20140403	07:49:46	100.57	26.21	131	60	-99	328	31	-74	10	3.7
124	20140404	09:27:24	100.57	26.17	282	81	-150	186	60	-10	14	4.7
125	20140404	09:36:24	100.60	26.14	310	49	-114	164	46	-64	8	3.7
126	20140429	21:17:53	104.83	28.29	23	63	49	265	47	142	8	3.3
127	20140430	04:16:12	100.58	26.18	289	73	-140	185	52	-21	8	3.6
128	20140509	17:51:58	101.44	27.92	133	90	-180	223	90	0	10	4.0
129	20140513	22:45:25	100.01	30.79	331	90	3	241	87	180	6	3.8
130	20140625	08:03:12	101.43	27.93	318	43	-89	136	47	-90	6	4.0
131	20140711	19:56:42	103.09	29.64	20	58	120	152	42	51	18	3.4
132	20140711	21:01:29	104.81	29.39	190	36	-120	45	59	-70	10	3.4
133	20140714	17:51:39	101.43	27.90	32	83	0	302	90	173	10	3.9
134	20140726	21:26:18	100.50	25.88	17	76	2	286	88	165	5	4.0
135	20140731	12:33:42	100.48	25.87	142	58	-104	347	34	-68	5	4.0
136	20140803	19:07:19	103.38	27.09	280	81	33	184	57	169	8	3.9
137	20140803	21:47:10	103.39	27.05	22	59	78	224	33	109	5	3.9
138	20140803	22:28:30	103.34	27.10	79	90	-168	349	78	0	5	3.6
139	20140804	07:06:10	103.35	27.10	288	83	-155	194	65	-7	6	3.8
140	20140808	14:39:28	103.35	27.12	79	90	161	169	71	0	7	4.0
141	20140813	20:16:28	103.36	27.09	279	90	-166	189	76	0	9	3.9
142	20140817	06:18:36	103.50	28.11	342	71	163	77	73	19	8	3.8
143	20140821	12:11:02	100.50	25.88	282	38	-83	93	52	-95	12	4.7
144	20140825	07:10:09	100.62	25.97	0	82	-15	92	75	-171	18	4.0
145	20140910	16:59:29	103.37	27.11	259	49	28	149	69	135	8	3.9
146	20141001	01:44:17	104.81	28.32	200	31	68	45	61	102	10	3.6
147	20141008	05:14:05	102.92	30.14	29	68	83	227	23	106	22	4.2
148	20141027	00:02:29	103.32	27.11	269	78	18	175	72	167	10	4.0
149	20141103	01:12:59	103.31	27.11	181	71	-4	272	86	-160	5	3.7
150	20141106	23:22:55	101.07	27.97	118	85	-170	27	80	-5	8	4.0
151	20141121	07:16:12	103.15	27.07	172	68	-6	264	84	-157	9	3.9
152	20141122	05:07:34	101.41	27.93	201	90	19	111	71	-180	10	3.7
153	20141122	16:55:28	101.68	30.29	233	80	-173	141	83	-10	9	5.9
154	20141125	23:19:09	101.75	30.20	150	79	-7	241	83	-168	9	5.5
155	20141126	21:12:03	101.43	27.92	317	90	-180	47	90	0	10	3.9
156	20141214	18:31:20	100.76	26.86	111	83	-162	18	72	-7	8	3.7
157	20141216	02:19:07	103.12	27.08	269	83	-156	175	66	-7	11	4.0	
158	20141230	00:08:31	104.67	28.16	38	8	173	134	89	82	12	3.5
159	20150115	21:54:05	103.19	27.10	99	79	154	194	64	12	3	3.8
160	20150128	02:14:29	103.77	28.48	249	69	31	146	61	155	12	3.4
161	20150128	22:43:42	104.95	28.37	99	48	67	311	46	113	14	3.5
162	20150207	05:01:07	104.90	28.37	187	24	83	14	66	93	12	4.3
163	20150207	08:47:33	104.90	28.37	208	47	97	17	43	82	12	3.4
164	20150210	23:45:28	103.28	27.10	349	71	-17	84	73	-160	3	3.9
165	20150411	09:17:48	104.76	28.10	163	53	-157	58	71	-39	8	3.3
166	20150412	14:48:42	104.78	28.18	212	28	98	22	62	85	10	3.5
167	20150415	05:47:12	102.36	29.06	99	84	8	8	82	173	26	3.6
168	20150424	19:49:02	104.76	28.16	142	73	170	234	80	17	16	4.0
169	20150430	13:45:58	104.75	28.16	239	68	21	140	70	156	12	3.4
170	20150523	23:51:27	104.80	28.14	50	72	138	155	50	23	10	3.4
171	20150621	08:13:26	103.35	27.07	162	83	-15	253	75	-172	9	3.8
172	20150623	08:43:26	100.89	26.17	209	80	-6	300	84	-169	8	3.6
173	20150626	01:55:01	101.59	30.39	228	83	-169	136	79	-7	8	3.9
174	20150818	12:13:35	102.49	27.44	67	90	-180	157	90	0	3	4.2
175	20150907	01:51:17	102.11	29.13	267	83	-180	357	90	7	11	4.2
176	20151024	19:29:43	102.10	29.11	9	32	31	252	74	118	11	4.1
177	20151029	04:12:08	100.30	27.55	220	32	134	351	67	66	1	4.0
178	20151109	20:28:31	101.88	25.53	94	90	150	184	60	0	6	4.0
179	20160812	14:56:55	103.46	26.96	162	70	-1	252	89	-160	16	4.3
180	20160812	19:25:21	103.45	26.99	349	74	23	252	67	162	13	4.1
181	20160813	21:22:36	103.45	27.04	332	62	-28	76	65	-148	4	4.1
182	20160910	10:44:50	104.875	28.04	211	51	 -60	348	47	-121	8 	2.8
183	20160925	16:00:21	101.878	29.59	158	62	 -13	254	78	-151	10	5.1
184	20160929	05:36:30	101.88 	29.58	 69	90	145	159	55	  0	1 	4.3
185	20161225	07:26:05	101.37 	27.89	 8 	32	-113	214	60	 -76	14	3.8
186	20161213	07:46:46	103.17 	30.98	161	72	-17 	256	73	-161	 8	3.0
187	20161228	10:40:31	104.775	28.12	346	 9	 34	222	85	 97	3 	3.1
188	20161228	20:03:08	104.771	28.12	200	58	 -80	  1	33	-105	3 	3.3
189	20161229	04:05:48	104.78 	28.14	51 	 9	134	186	83	 83	28	2.9
190	20170104	23:14:30	102.155	29.53	 40	39	170	137	83	 51	22	3.9
191	20170115	18:05:34	104.768	28.10	 50	81	152	144	62	 10	4	4.3
192	20170115	18:05:35	104.727	28.16	 49	41	119	192	55	 67	1	4.0
193	20170115	19:04:03	103.244	31.27	120	69	-19	217	72	-157	3	3.3
194	20170115	19:20:53	104.743	28.11	216	30	119	  3	64	 74	3	4.0
195	20170115	19:29:16	104.743	28.11	220	29	116	 10	64	 76	5	3.9
196	20170118	22:35:14	104.699	28.14	 31	20	148	151	79	 72	7	4.2
197	20170120	04:12:21	104.730	28.14	207	27	111	  3	64	 79	8	3.3
198	20170122	18:04:56	104.725	28.10	 59	 9	138	190	84	 83	5 	3.1
199	20170125	08:48:45	102.028	29.58	132	59	-61	264	41	-128	11	3.1
200	20170125	14:38:03	103.591	30.10	234	21	-10	333	86	-110	22	3.1
201	20170128	02:46:32	104.729	28.13	 20	 8	120	169	83	 86	10	4.9
202	20170202	08:34:29	104.764	28.14	  9	58	 71	222	36	117	 4	4.9
203	20170208	19:11:39	103.350	27.07	 73	85	-180	163	90	  5	 8	4.8
204	20170217	11:12:26	102.023	29.58	131	42	-62	275	53	-112	15	3.2
205	20170218	21:37:22	102.028	29.60	260	59	-129	137	48	 -43	15	3.3
206	20170226	03:24:50	103.381	31.01	 51	72	108	184	25	 46	17	3.3
207	20170311	06:09:07	103.396	27.74	 30	60	151	135	65	 33	 9	2.9
208	20170312	20:21:18	103.393	27.08	162	73	-10	255	80	-162	 7	4.6
209	20170326	05:19:21	104.750	28.14	188	50	80	23	41	102	1	2.9
210	20170330 	07:48:17	103.35	27.12	 70	90	174	160	84	  0	 6	4.1
211	20170405	18:34:58	104.842	28.28	222	60	139	335	55	37	3	3.5
212	20170423	05:26:57	103.969	31.43	200	48	 75	 41	44	106	2	3.9
213	20170501	06:57:09	104.846	28.15	 14	90	-90	180	0	-104	9	3.2
214	20170504 	13:40:21	104.86	28.21	  0	90	 11	270	79	180	38	4.8
215	20170518	03:27:23	103.159	28.97	339	39	 62	193	56	110	15	2.9
216	20170606	14:04:57	103.198	31.31	110	49	 -64	253	47	-116	16	3.9
217	20170609	21:17:40	104.854	28.12	281	40	-170	183	83	 -50	6 	3.3
218	20170626	08:47:43	104.720	28.13	338	33	 56	196	63	110	7 	3.3
219	20170710	02:09:19	102.273	27.06	 16	53	  3	284	87	143	5 	2.9
220	20170730	08:04:07	104.710	28.12	  7	40	 -91	188	50	 -89	6 	3.0
221	20170830	21:46:17	101.380	27.91	 68	32	 69	272	60	102	10	3.0
222	20170912	19:26:39	101.398	27.92	300	76	-158	204	68	 -15	16	4.2
223	20170916	21:01:27	100.788	27.79	153	39	 -64	300	55	-109	12	3.0
224	20170921	18:03:12	101.420	27.91	220	86	  8	129	82	176	14	2.9
225	20171018	02:54:20	102.815	28.32	328	61	 -11	 63	80	-150	14	3.2
226	20171106	08:34:12	103.703	31.22	 78	26	  8	340	86	115	20	3.8
227	20171120	05:47:09	104.06	29.36	237	31	 -60	 23	63	-106	 4	3.7
228	20171230	12:13:19	101.43	27.89	201	69	  9	107	81	158	 8	4.0
229	20180215 	11:27:41	100.23	26.89	  9	19	 10	269	86	108	46	4.4
230	20180222 	08:10:48	101.55	30.46	241	78	-143	142	53	 -14	 6	4.0
231	20180224 	17:55:33	101.54	30.47	148	70	 -20	245	71	-158	 6	4.1
232	20180505 	00:36:45	104.77	28.39	181	36	101	347	54	 82	 4	4.0
233	20180508	23:11:32	103.47	28.10	 77	70	-172	344	82	 -20	 1	4.1
234	20180516	16:46:11	102.27	29.18	 83	90	168	173	78	  0	 6	4.4
